#_Random_number_seed
1234
#_Number_of_fisheries
1
#_Number_of_projection_years
14
#_Number_of_simulations
1000
#_Begin_year_of_projection
2019
#_Number_of_ages
30
#_Natural_Mortality 2 3 4 5 6 7 8 9 10 11 12 13 14 15 16 17 18 19 20 21 22 23 24 25 26 27 28 29 30 31
 0.105012 0.105012 0.105012 0.105012 0.105012 0.105012 0.105012 0.105012 0.105012 0.105012 0.105012 0.105012 0.105012 0.105012 0.105012 0.105012 0.105012 0.105012 0.105012 0.105012 0.105012 0.105012 0.105012 0.105012 0.105012 0.105012 0.105012 0.105012 0.105012 0.105012
#_2001_TAC_or_best_estimate_of_catch_2001
10.4248
#_F_ratio(must_sum_to_one_only_one_fishery)
1
#5year_Average_F(endyr-4,endyr_as_estimated_by_ADmodel)
0.0609242
#_Author_F_as_fraction_F_40%
1
#_Spawn_month
1
#_Wt_at_age_spawners 2 3 4 5 6 7 8 9 10 11 12 13 14 15 16 17 18 19 20 21 22 23 24 25 26 27 28 29 30 31
 0.91682 1.47712 2.0522 2.5982 3.09097 3.52048 3.88569 4.19066 4.44194 4.64689 4.81278 4.94625 5.05316 5.13849 5.20641 5.26035 5.30312 5.33699 5.36378 5.38495 5.40168 5.41489 5.42531 5.43354 5.44002 5.44514 5.44917 5.45235 5.45486 5.45683
#_Wt_at_age_fishery 2 3 4 5 6 7 8 9 10 11 12 13 14 15 16 17 18 19 20 21 22 23 24 25 26 27 28 29 30 31
 0.91682 1.47712 2.0522 2.5982 3.09097 3.52048 3.88569 4.19066 4.44194 4.64689 4.81278 4.94625 5.05316 5.13849 5.20641 5.26035 5.30312 5.33699 5.36378 5.38495 5.40168 5.41489 5.42531 5.43354 5.44002 5.44514 5.44917 5.45235 5.45486 5.45683
#_Maturity_divided_by_2(projection_program_uses_to_get_female_spawning_biomass_if_divide_by_2 2 3 4 5 6 7 8 9 10 11 12 13 14 15 16 17 18 19 20 21 22 23 24 25 26 27 28 29 30 31
 0.00304194 0.0119161 0.038336 0.0983095 0.194343 0.29794 0.377423 0.427035 0.455663 0.472552 0.483318 0.490616 0.495696 0.499404 0.502332 0.504748 0.506567 0.507844 0.50895 0.510019 0.51087 0.511727 0.513068 0.514488 0.515779 0.515034 0.508333 0.494313 0.47691 0.484197
#_Selectivity_fishery_scaled_to_max_at_one 2 3 4 5 6 7 8 9 10 11 12 13 14 15 16 17 18 19 20 21 22 23 24 25 26 27 28 29 30 31
 0.0913118 0.394533 0.80863 0.964789 0.994403 0.999133 0.999866 0.999979 0.999997 1 1 1 1 1 1 1 1 1 1 1 1 1 1 1 1 1 1 1 1 1
#_Numbers_at_age_end_year 2 3 4 5 6 7 8 9 10 11 12 13 14 15 16 17 18 19 20 21 22 23 24 25 26 27 28 29 30 31
 25.9314 195.884 20.663 64.2586 6.54006 3.62861 0.429518 3.24171 1.34015 4.31367 1.42126 1.5363 1.03484 1.37761 0.559559 1.15946 0.450208 2.57608 0.472281 0.817703 1.00767 0.0771979 0.441074 0.149247 0.0950413 0.0855591 0.276196 0.0157088 0.25535 0.703869
#_N_recruitment_years
39
#_Recruitment_start_at_1977_yearclass=1979_for_age_2_recruits 1979 1980 1981 1982 1983 1984 1985 1986 1987 1988 1989 1990 1991 1992 1993 1994 1995 1996 1997 1998 1999 2000 2001 2002 2003 2004 2005 2006 2007 2008 2009 2010 2011 2012 2013 2014 2015 2016 2017
 92.5993 29.6793 13.4463 43.7677 28.0613 43.5747 3.11009 22.4703 17.9554 4.99305 4.45163 5.85662 31.1569 1.63274 23.9237 6.15068 5.73035 7.58378 18.8724 2.76875 30.195 20.4693 9.8633 44.8273 6.54445 14.1407 5.73527 11.8838 7.53205 9.44127 7.34684 18.6251 4.80965 9.67135 1.06638 7.49576 11.2562 93.2252 25.9795
